---
startPose:
  x: 50.0
  y: 50.0
  heading: 3.141592653589793
startTangent: -3.141592653589793
waypoints:
- position:
    x: -50.0
    y: 10.0
  heading: 0.0
  tangent: -0.8726646259971648
  interpolationType: "CONSTANT"
- position:
    x: 0.0
    y: -50.0
  heading: 0.0
  tangent: 0.0
  interpolationType: "SPLINE"
resolution: 2.0
version: 1
